subcode	almonds	apples	avocado	bacon	beef	beets	blackberries	blueberries	brussels_sprouts	carrots	cashews	cheese	chocolate	eggs	guacamole	kale	lamb	lettuce	olive_oil	olives	onions	pork	radishes	rasberries	red_peppers	salad_dressing	salmon	salsa	sauerkraut	sausage	spinach	tomatoes	tuna	vinegar	yogurt
sub003	1	0	0	0	0	0	0	1	0	0	0	0	1	0	0	0	0	0	0	0	1	0	0	0	0	1	1	0	0	0	0	0	0	0	1
sub004	0	0	0	1	0	0	0	1	0	0	1	1	1	1	1	0	0	1	0	0	0	1	0	0	0	0	0	1	0	0	0	0	0	0	1
sub005	0	0	0	0	1	0	0	1	0	0	1	0	0	0	0	0	1	1	0	0	0	0	0	0	1	0	0	0	0	0	0	0	0	0	1
sub006	0	0	1	1	0	0	0	1	0	0	1	0	0	0	0	0	0	0	0	0	0	0	0	0	0	0	0	0	0	1	0	0	1	0	1
sub009	0	0	0	0	0	0	0	0	0	0	0	0	0	0	0	0	0	0	0	0	0	0	0	0	0	0	0	0	0	0	0	0	0	0	0
sub011	0	0	1	1	0	1	0	1	0	1	1	1	0	1	0	1	0	0	1	0	0	0	1	0	0	0	0	1	0	0	1	0	1	1	1
sub012	0	0	0	1	1	0	0	1	0	0	1	1	1	1	0	0	0	1	0	0	0	1	0	0	0	0	0	0	0	0	0	1	0	0	1
sub013	0	0	0	1	0	1	0	1	1	1	1	1	0	1	0	1	0	1	0	1	0	0	0	0	0	0	0	1	1	1	0	0	1	0	1
sub014	0	1	1	1	1	0	0	1	0	0	1	1	1	1	0	0	0	1	0	0	0	0	0	1	0	1	0	1	0	0	0	1	0	0	1
sub015	0	0	1	1	0	0	1	1	0	0	1	1	1	1	0	0	0	0	0	0	0	0	0	1	0	0	0	1	0	0	0	0	0	0	1
sub016	0	0	1	1	1	1	0	1	0	1	1	1	1	1	0	1	0	0	1	1	0	0	1	0	0	0	0	1	0	0	1	0	1	1	1
sub019	0	0	0	1	0	1	0	1	0	1	1	1	1	1	0	0	0	0	1	1	0	0	1	0	0	0	1	1	0	1	1	1	1	1	1
sub020	1	0	1	1	0	0	0	1	0	0	1	1	1	1	0	0	0	1	0	1	0	0	0	1	0	1	0	1	0	0	1	1	0	0	1
sub021	0	0	0	0	0	0	0	1	0	1	1	0	1	0	1	1	0	0	0	0	0	0	0	0	0	0	0	0	0	0	0	0	0	0	1
sub022	1	0	0	0	0	0	0	1	0	0	1	1	1	0	0	0	0	1	0	0	0	0	0	1	0	1	0	0	1	1	0	1	0	0	1
sub024	0	0	0	1	1	0	0	1	0	0	1	0	0	0	0	0	1	0	0	0	0	0	0	0	0	0	0	0	0	1	1	1	0	1	1
sub025	0	0	0	1	0	1	0	1	0	1	1	1	1	1	1	1	0	0	1	0	0	0	1	0	0	0	1	1	0	0	1	0	1	1	1
sub026	0	0	0	0	1	0	0	1	0	0	0	1	1	0	1	1	0	1	1	0	0	0	0	1	0	0	1	1	0	0	0	0	0	1	1
sub027	0	0	0	0	1	1	0	1	0	1	1	1	1	0	0	0	0	0	0	0	0	1	1	1	0	0	0	0	0	0	1	0	1	1	1
sub028	0	0	0	0	1	1	0	1	1	1	1	1	1	1	0	0	0	0	1	0	0	0	1	1	0	0	0	0	0	1	1	0	1	1	1
sub029	0	0	0	1	1	0	0	1	0	1	1	1	0	1	1	0	0	1	1	1	0	0	0	1	0	0	0	1	0	0	0	0	0	1	1
sub030	0	0	0	1	0	0	0	0	0	0	0	1	1	1	0	0	0	1	0	0	0	0	0	1	0	0	0	0	0	0	0	1	1	0	0
sub035	0	0	1	1	1	0	0	1	0	0	1	1	1	1	0	0	0	0	0	0	0	0	0	0	0	0	0	1	0	0	0	1	0	0	1
sub037	0	0	0	1	0	1	0	1	0	1	1	1	1	1	0	0	0	0	1	1	0	0	1	0	0	0	0	1	0	1	1	0	1	1	1
sub038	0	0	0	1	1	0	0	1	0	0	1	1	0	1	1	1	0	1	0	1	0	0	0	0	0	1	0	1	0	0	0	0	0	0	1
sub039	0	0	0	1	0	1	0	1	1	1	0	1	0	1	1	0	0	0	1	0	0	0	1	0	0	0	1	1	0	0	1	0	1	1	1
sub040	0	0	0	1	0	1	0	1	0	0	1	1	1	1	1	1	0	0	1	0	0	0	1	0	0	0	0	1	0	1	1	0	1	1	1
sub041	0	0	0	1	1	1	1	1	0	1	1	1	1	1	0	0	0	0	0	0	1	0	1	0	1	0	0	0	0	0	1	0	1	0	1
sub042	0	0	0	1	0	1	1	1	1	1	1	1	1	1	1	0	0	0	0	1	0	0	1	0	0	0	1	1	0	0	1	0	1	0	1
sub043	0	0	0	1	1	0	0	1	0	0	1	0	1	1	1	0	0	1	0	0	0	0	0	0	0	0	0	1	0	1	0	0	0	0	1
sub045	0	0	0	1	0	1	0	1	0	1	1	1	1	1	1	0	0	0	1	0	0	1	1	0	0	0	0	1	0	0	1	0	1	1	1
sub048	0	0	0	0	0	0	0	1	1	0	1	1	1	0	0	0	0	0	0	0	1	1	0	0	0	0	0	0	0	0	0	1	0	0	1
sub049	0	0	1	1	1	0	1	1	0	0	0	1	1	1	0	0	0	1	1	0	0	1	0	0	0	0	0	0	0	1	1	0	0	1	0
sub050	0	0	0	1	1	0	0	1	0	0	1	1	1	1	0	0	1	1	0	0	0	0	0	0	1	0	0	0	0	0	0	0	0	0	1
sub051	1	1	0	0	1	0	0	1	0	0	1	1	1	1	0	0	0	0	0	0	0	0	0	0	0	0	1	0	0	1	0	1	0	0	1
sub053	0	0	0	1	1	1	0	1	1	0	1	1	1	1	0	0	0	0	1	0	0	0	1	0	0	0	0	0	0	0	1	0	1	1	1
sub054	0	0	0	1	0	1	0	1	0	0	1	1	0	1	0	0	0	0	1	0	0	0	1	0	0	0	0	1	1	0	1	0	1	1	1
sub057	0	0	0	0	1	0	0	1	0	0	1	1	0	0	0	0	0	0	0	0	0	1	0	0	0	0	0	0	0	0	0	0	0	0	1
sub058	0	0	0	0	1	0	0	1	1	0	1	1	1	0	0	0	1	1	0	0	0	0	0	0	1	0	0	0	0	0	0	0	0	0	1
sub059	0	0	0	1	1	0	0	1	1	0	1	1	1	1	1	0	0	1	0	0	0	1	0	0	0	0	0	1	0	0	0	0	0	0	1
sub060	0	0	0	1	0	1	0	1	0	1	1	1	1	1	1	0	0	0	1	1	0	1	1	0	0	0	0	1	0	0	1	0	1	1	1
sub061	0	0	0	1	1	1	0	1	0	0	1	1	1	1	1	1	0	0	0	0	0	0	0	0	0	0	0	1	0	0	0	0	0	0	1
sub062	0	0	0	1	0	0	0	1	0	1	1	1	1	1	1	0	1	1	0	0	0	1	0	0	0	0	0	1	0	0	0	1	0	0	1
sub063	0	0	0	0	0	0	1	1	0	0	1	1	1	1	1	0	1	0	0	0	0	0	0	1	0	0	0	1	0	0	0	1	0	0	1
sub064	0	0	0	1	0	1	1	1	1	1	0	1	1	1	0	0	0	1	0	0	0	0	0	0	0	0	1	0	0	0	0	0	1	0	1
sub065	0	0	0	1	1	0	0	1	1	0	1	1	1	1	1	0	1	1	0	0	0	0	0	0	1	0	0	1	0	0	0	0	0	0	1
sub066	0	0	0	0	0	1	0	1	0	1	1	1	1	1	1	0	0	0	0	0	0	0	0	0	0	0	0	1	0	0	1	0	1	0	1
sub067	0	0	0	1	0	0	0	1	0	0	1	1	1	1	1	0	0	0	0	0	0	0	0	0	0	0	0	1	0	0	0	0	0	0	1
sub068	1	0	0	1	1	0	0	1	0	0	1	1	1	1	0	0	0	1	0	0	0	1	0	0	0	0	0	1	0	0	0	1	0	0	1
sub069	1	0	0	1	0	0	0	1	0	1	1	1	0	1	1	0	0	0	0	0	0	0	1	0	0	0	0	1	1	1	1	0	1	0	1
sub070	1	0	0	0	0	0	0	0	0	1	0	1	0	1	0	0	0	0	0	0	0	0	0	0	0	0	0	0	1	1	1	0	1	0	0
sub071	1	0	0	1	0	0	0	1	0	0	1	1	1	1	1	0	0	0	0	0	0	0	0	0	0	1	0	1	0	0	0	1	0	0	1
sub072	0	0	0	1	0	0	0	1	0	0	0	0	1	1	0	0	0	1	0	1	0	0	0	0	0	1	1	0	0	1	1	1	0	0	1
sub073	0	0	0	1	0	0	0	1	0	0	1	0	1	1	1	0	0	0	0	0	0	0	0	0	0	0	0	1	0	1	0	0	0	0	1
sub074	0	0	0	1	1	0	0	1	1	0	1	1	1	1	1	0	0	0	0	0	1	0	0	0	0	1	0	1	0	1	1	0	0	0	1
sub075	0	0	0	1	1	0	0	1	0	0	1	1	1	1	1	1	0	1	0	1	1	0	0	0	0	1	0	1	0	0	0	1	0	0	1
sub076	0	0	0	1	1	0	0	1	0	0	1	1	1	1	1	0	1	1	0	0	0	0	0	0	0	0	0	1	0	0	0	0	0	0	1
sub077	1	0	0	1	1	0	0	1	1	0	1	1	1	1	1	0	0	1	0	1	0	0	0	0	0	1	0	1	0	0	0	0	0	0	1
sub078	0	1	0	1	0	0	0	1	0	0	1	1	0	1	0	0	0	0	0	0	0	0	0	0	0	0	0	0	0	0	1	0	0	0	1
sub079	0	0	0	0	1	0	0	1	0	0	1	0	1	0	0	1	1	1	0	0	0	0	0	0	1	0	0	0	1	1	0	0	0	0	1
sub080	0	0	0	1	1	0	0	1	0	0	1	1	0	1	1	1	0	1	0	1	1	0	0	0	0	1	0	1	0	0	0	1	0	0	1
sub081	0	0	0	1	1	0	0	1	0	0	1	1	0	1	1	1	0	0	0	1	0	0	0	0	0	1	0	1	0	0	0	1	0	0	1
sub082	0	0	0	0	1	0	0	1	0	0	1	1	0	1	0	1	0	0	0	0	1	0	0	0	0	0	0	0	1	0	0	0	0	0	1
sub083	0	0	0	1	0	0	0	0	0	0	1	1	0	1	1	0	0	0	0	1	1	1	0	1	0	1	0	1	0	0	0	1	0	0	1
sub084	0	0	0	1	1	0	0	1	0	0	1	1	0	1	1	0	0	1	0	0	0	0	0	0	0	1	0	1	0	0	0	0	0	0	1
sub085	1	1	0	0	0	0	0	0	0	0	1	1	1	0	0	0	0	0	0	0	0	1	0	0	0	0	1	0	0	1	0	0	1	0	1
sub086	0	1	0	1	1	0	0	1	0	0	1	1	0	1	1	0	1	1	0	0	0	0	0	0	1	0	0	0	0	0	0	0	0	0	1
sub087	1	0	0	1	1	0	0	1	0	0	1	1	0	1	1	0	0	1	0	0	0	0	0	0	1	1	0	1	0	0	0	1	0	0	1
sub088	0	0	0	0	0	0	0	0	0	0	0	1	0	1	0	0	0	1	0	0	1	0	0	0	0	0	0	0	0	0	1	1	0	0	0
sub089	1	0	0	0	0	0	0	1	0	0	1	1	1	0	0	1	0	1	0	0	0	1	0	0	0	0	0	0	0	0	0	0	0	0	1
sub091	0	1	0	1	1	0	0	1	0	0	1	1	1	1	1	0	0	1	0	0	0	0	0	0	0	1	0	1	0	0	0	1	0	0	1
sub092	0	1	0	1	1	0	0	1	0	0	1	1	0	1	1	0	0	1	0	0	0	0	0	0	0	1	0	1	0	0	0	0	0	0	1
sub093	0	1	0	0	1	0	0	1	0	0	1	0	0	0	1	0	0	1	0	1	1	1	0	0	0	1	0	1	0	0	0	0	0	0	1
sub094	0	0	0	0	1	0	0	1	1	0	1	1	0	1	0	0	0	0	0	0	1	0	0	0	0	0	0	0	1	0	0	0	0	0	1
sub097	0	1	0	1	1	1	1	1	0	0	1	0	0	1	1	0	0	1	1	1	1	0	0	0	1	0	0	1	0	0	0	0	0	1	0
sub098	1	0	0	1	0	0	0	1	0	1	1	1	1	1	1	0	0	1	0	1	0	0	0	0	0	0	0	1	0	0	0	1	0	0	1
sub099	0	0	1	0	1	1	1	1	1	1	1	0	0	0	0	0	0	1	1	0	0	0	0	0	1	0	0	0	0	0	0	0	0	1	1
sub100	1	0	0	0	0	0	1	1	0	0	1	1	1	0	0	1	0	0	0	0	1	0	0	1	0	0	0	0	0	0	1	0	0	0	1
sub101	0	0	0	0	1	1	0	1	0	0	1	0	1	0	0	0	0	1	1	1	0	0	0	1	1	0	0	0	0	0	0	0	0	1	1
sub102	0	0	0	1	0	1	1	1	0	1	1	0	1	1	1	0	0	1	1	1	0	0	0	0	0	1	0	1	0	0	0	0	0	1	1
sub103	0	0	0	1	0	0	0	1	0	1	1	1	1	1	1	0	0	0	0	0	0	0	0	0	0	0	1	1	0	0	0	0	0	0	1
sub104	0	0	1	0	1	0	0	0	0	1	0	1	0	0	1	0	0	1	0	0	0	1	0	0	0	0	0	1	0	1	0	0	0	0	0
